Pattern	Z	BM	KMP	
TTAAAAAA	23119	23119	23119
TTATTTAT	24975	24975	24975
TAATATAT	18656	18656	18656
ATAATATA	8962	8962	8962
TAAAAAAA	23120	23120	23120
ATAAAAAA	24417	24417	24417
AAAAAATA	22439	22439	22439
TATTTTTA	3304	3304	3304
TTTTTTAA	5301	5301	5301
AATATATA	18657	18657	18657
TTTATATT	29162	29162	29162
TTTTATTA	3295	3295	3295
ATATAAAT	6930	6930	6930
TTATATTT	23037	23037	23037
AAATAATA	23881	23881	23881
TTATTTTA	31657	31657	31657
ATAAATAT	23776	23776	23776
ATATTATA	24372	24372	24372
TTTCTTTT	9439	9439	9439
ATATATAT	21371	21371	21371
ATTTATAT	24200	24200	24200
TAAATAAA	24814	24814	24814
ATTATTAT	7155	7155	7155
GAAAAAAA	6664	6664	6664
ATATTTAT	23620	23620	23620
TTTTTTTA	5300	5300	5300
AATATAAA	6929	6929	6929
AAAATATA	6927	6927	6927
TTATTATT	4001	4001	4001
ATATATTA	23422	23422	23422
TATTATAT	22901	22901	22901
AATAATAA	23882	23882	23882
ATTTATTT	25280	25280	25280
TATTTTTT	6474	6474	6474
TTTTTTAT	10011	10011	10011
AATAAATA	29608	29608	29608
ATTTTTAT	3305	3305	3305
TATTATTT	24441	24441	24441
AAATAAAT	32165	32165	32165
AATAAAAA	7400	7400	7400
TAAATATA	5075	5075	5075
ATATATTT	8610	8610	8610
AATTTTTT	5224	5224	5224
TATATATG	23570	23570	23570
AAAAAAAA	6665	6665	6665
TAATAATA	25638	25638	25638
TTTATTTT	31649	31649	31649
TATTTATA	24199	24199	24199
TATATAAA	23685	23685	23685
ATATATAA	24579	24579	24579
ATTTTATT	27252	27252	27252
ATTTTTTT	5225	5225	5225
AAAAAAAT	6666	6666	6666
ACATATAT	4477	4477	4477
ATAATAAT	5775	5775	5775
AAAATAAT	24789	24789	24789
TATATAAT	24376	24376	24376
TTTTTATT	1891	1891	1891
ATTATATA	24038	24038	24038
ATAAAAAT	6711	6711	6711
ATATAAAA	24213	24213	24213
AAAAAATT	6667	6667	6667
AAATATAA	6928	6928	6928
TATATTTT	6804	6804	6804
ATAAAATA	29274	29274	29274
TATAATAT	8961	8961	8961
AATATATT	24381	24381	24381
TATATATT	23604	23604	23604
TATATATA	8144	8144	8144
TTTTTTCT	24747	24747	24747
ATATTTTT	8612	8612	8612
ATAATAAA	7398	7398	7398
TTTTATTT	24298	24298	24298
TATAAAAA	24228	24228	24228
TATATTTA	23619	23619	23619
TATAAATA	23775	23775	23775
TTATTATA	22900	22900	22900
TTTATATA	8888	8888	8888
ATAAATAA	24813	24813	24813
AAAAATAT	23963	23963	23963
AAAAATAA	8461	8461	8461
TTTTTTTT	5226	5226	5226
TTTTATAT	5500	5500	5500
ATATAATA	24377	24377	24377
TAATAAAA	7399	7399	7399
AAATATAT	23778	23778	23778
TTTATTTA	33395	33395	33395
TATATTAT	24371	24371	24371
ATATTATT	24972	24972	24972
TTATATAT	23569	23569	23569
TATTTTAT	7279	7279	7279
TATTTATT	24976	24976	24976
AATAATAT	24791	24791	24791
